600008003430670019010005670090700001070003060301260004002080300100040520080900007
530000780701009060000820001800400570007003900040056200960300000010978640000042005
300000080650074002070900504000002710204810630000309008001700820006023051905001000
060053072092070041000000680006000000159000307840002050007580009035600400204901000
700025810012008007090000603000030054306002900274010060060800090100007005428001000
480600000090027000000085406100300725002046903900100600600001007750800130020050004
060080217518007090003004006200051700000600009009470053800320400640000002070805060
504000063006700290010308070300940100608000024000025000907001050180037049000002008
003000000906000147710400009870620030004080000509010604080100453030007090002050800
000000005007106930004050720900702608062840010000015000046080109710900300830200006
600200001029005840510370000000549080000000205090601030206900007004086009037010050
300600017400250900070083204000000090789001000065004302620508070800000060031090000
980060010001000305300100400065004100800000002009200576000081000400702093672490800
061000005703000920900074006678090304300000059000401800480060000109200003000950700
605009000004180020019670004081000309500308007000054002200003601073090000000501080
100670003059000600000009052010002060398000700600984010070050201200300080005106940
504000967600200500080700010000602098900001004257000030090108046830040000012530000
786200000020000010301089406000047090503096800100050030600001507800470300905008000
508003000670000002031974600405100207080009300009600005820501000000000816043700009
005800010623010000090076002080040301200000060900253704000030040068001970742005000
010002805000040069300080100500401092060070008070900030005639070406005000093000051
510300000920640008008027030031000070000810640009402500082700000054089100700005200
800043000000201780000070906020000460009300001501006209006009502100600078735010000
002007600607080200000001809350090001401068950070040300205070000014200060938500040
800530010020000654940000700090010420018605090360970000402007003000008500050006801
108367200000480000705000083200104009900520000007030600490000016603002047001009050
010052004000470206060090730098000400703000051400360000030019000002540080905708002
030004518021609000000305090012006034400070602005200080090038700048500001007100000
302860940006000000740005000009150604081609200000200007050000032100408076800030000
076080004090007030400000905250140008803206000000003207004500610600702409035010080
340690050890500000000001700900008030002704180003050604106005300070020900500807062
000908040060051030390620700052100083040570600000000020004006800085040210079010000
370009460000003200109000005000080300060502001802400070590306840010008007406270000
029530100005419070480000003000060720604050301008970040000740500090201000007000086
000640010000300200080120357319000002800400096405008730040002000736010800500000609
709003060230001000065004802910800520080090706307100040000030607000008090504702001
000070290800501070003004560070008050092030000148005000030060040605002389900100700
350290000017000040008070069000065800061002000003800074090406002704003500002900008
080000200002700031040602057051070000000230070900508400019040000300005018005300906
090000350080640920070080001040507080000063290102004005600900003000000670510200040
070010032000605000004730000103000690005080000920000401010490367006078100002000950
029300000014298050600007000900500046003820010070036020300450007000000200050610890
300000700800310009026700500060100000009026410104930070050000900048200006607098320
640001000000070102007096054832900007000003005590040080021804090300020070400567003
000410006003000070510600940206000800080927000090005310420180030007209600900030051
040080302980050604500307000100894003004700080060200001300001590002060000610000028
000080301030605002408200000072001809001706000900500040025900700600030904100807200
200500409006030070403801020064708500050000002720609003040002010907010080000006904
007050010030100064000628003481900007000800050020730109005040900063000200842390600
206100009700053420050000100008204300003000906400901700380002605090075000041800007
